nan
nan
0.000000000000000000e+00
0.000000000000000000e+00
0.000000000000000000e+00
0.000000000000000000e+00
0.000000000000000000e+00
0.000000000000000000e+00
0.000000000000000000e+00
0.000000000000000000e+00
0.000000000000000000e+00
0.000000000000000000e+00
0.000000000000000000e+00
0.000000000000000000e+00
0.000000000000000000e+00
0.000000000000000000e+00
0.000000000000000000e+00
0.000000000000000000e+00
0.000000000000000000e+00
0.000000000000000000e+00
1.000000000000000000e+00
nan
nan
nan
nan
nan
nan
nan
nan
nan
nan
nan
nan
nan
nan
nan
nan
nan
nan
nan
0.000000000000000000e+00
0.000000000000000000e+00
0.000000000000000000e+00
0.000000000000000000e+00
0.000000000000000000e+00
0.000000000000000000e+00
0.000000000000000000e+00
0.000000000000000000e+00
0.000000000000000000e+00
0.000000000000000000e+00
0.000000000000000000e+00
0.000000000000000000e+00
0.000000000000000000e+00
0.000000000000000000e+00
0.000000000000000000e+00
0.000000000000000000e+00
0.000000000000000000e+00
0.000000000000000000e+00
0.000000000000000000e+00
0.000000000000000000e+00
0.000000000000000000e+00
0.000000000000000000e+00
0.000000000000000000e+00
0.000000000000000000e+00
0.000000000000000000e+00
0.000000000000000000e+00
0.000000000000000000e+00
0.000000000000000000e+00
0.000000000000000000e+00
0.000000000000000000e+00
0.000000000000000000e+00
0.000000000000000000e+00
0.000000000000000000e+00
0.000000000000000000e+00
0.000000000000000000e+00
0.000000000000000000e+00
0.000000000000000000e+00
0.000000000000000000e+00
0.000000000000000000e+00
0.000000000000000000e+00
0.000000000000000000e+00
0.000000000000000000e+00
0.000000000000000000e+00
0.000000000000000000e+00
0.000000000000000000e+00
0.000000000000000000e+00
0.000000000000000000e+00
0.000000000000000000e+00
0.000000000000000000e+00
0.000000000000000000e+00
0.000000000000000000e+00
0.000000000000000000e+00
0.000000000000000000e+00
0.000000000000000000e+00
0.000000000000000000e+00
0.000000000000000000e+00
0.000000000000000000e+00
0.000000000000000000e+00
0.000000000000000000e+00
0.000000000000000000e+00
0.000000000000000000e+00
0.000000000000000000e+00
0.000000000000000000e+00
0.000000000000000000e+00
0.000000000000000000e+00
0.000000000000000000e+00
0.000000000000000000e+00
0.000000000000000000e+00
0.000000000000000000e+00
0.000000000000000000e+00
0.000000000000000000e+00
0.000000000000000000e+00
0.000000000000000000e+00
0.000000000000000000e+00
0.000000000000000000e+00
0.000000000000000000e+00
0.000000000000000000e+00
0.000000000000000000e+00
0.000000000000000000e+00
0.000000000000000000e+00
0.000000000000000000e+00
0.000000000000000000e+00
0.000000000000000000e+00
0.000000000000000000e+00
0.000000000000000000e+00
0.000000000000000000e+00
0.000000000000000000e+00
0.000000000000000000e+00
0.000000000000000000e+00
0.000000000000000000e+00
0.000000000000000000e+00
0.000000000000000000e+00
0.000000000000000000e+00
0.000000000000000000e+00
0.000000000000000000e+00
0.000000000000000000e+00
0.000000000000000000e+00
0.000000000000000000e+00
0.000000000000000000e+00
0.000000000000000000e+00
0.000000000000000000e+00
0.000000000000000000e+00
0.000000000000000000e+00
0.000000000000000000e+00
0.000000000000000000e+00
0.000000000000000000e+00
0.000000000000000000e+00
0.000000000000000000e+00
0.000000000000000000e+00
0.000000000000000000e+00
0.000000000000000000e+00
0.000000000000000000e+00
0.000000000000000000e+00
0.000000000000000000e+00
0.000000000000000000e+00
0.000000000000000000e+00
0.000000000000000000e+00
0.000000000000000000e+00
0.000000000000000000e+00
0.000000000000000000e+00
0.000000000000000000e+00
0.000000000000000000e+00
0.000000000000000000e+00
0.000000000000000000e+00
0.000000000000000000e+00
0.000000000000000000e+00
0.000000000000000000e+00
0.000000000000000000e+00
0.000000000000000000e+00
0.000000000000000000e+00
0.000000000000000000e+00
0.000000000000000000e+00
0.000000000000000000e+00
0.000000000000000000e+00
0.000000000000000000e+00
0.000000000000000000e+00
0.000000000000000000e+00
0.000000000000000000e+00
0.000000000000000000e+00
0.000000000000000000e+00
0.000000000000000000e+00
0.000000000000000000e+00
0.000000000000000000e+00
0.000000000000000000e+00
0.000000000000000000e+00
0.000000000000000000e+00
0.000000000000000000e+00
0.000000000000000000e+00
0.000000000000000000e+00
0.000000000000000000e+00
0.000000000000000000e+00
0.000000000000000000e+00
0.000000000000000000e+00
0.000000000000000000e+00
0.000000000000000000e+00
0.000000000000000000e+00
0.000000000000000000e+00
0.000000000000000000e+00
0.000000000000000000e+00
0.000000000000000000e+00
0.000000000000000000e+00
0.000000000000000000e+00
0.000000000000000000e+00
0.000000000000000000e+00
0.000000000000000000e+00
0.000000000000000000e+00
0.000000000000000000e+00
0.000000000000000000e+00
0.000000000000000000e+00
0.000000000000000000e+00
0.000000000000000000e+00
0.000000000000000000e+00
0.000000000000000000e+00
0.000000000000000000e+00
0.000000000000000000e+00
2.625034625446086245e-314
2.625068870124130794e-314
2.625033676840046230e-314
2.630071549607459586e-314
2.625068759453426125e-314
nan
nan
nan
nan
nan
nan
nan
nan
nan
nan
nan
nan
nan
nan
nan
nan
nan
nan
nan
nan
2.977056369413141998e-43
1.153627512393619204e+112
6.919204565612132722e-137
-2.477027523425857217e+160
-1.151627906948890923e+218
-5.815003336511086332e+168
-3.757135669858513053e-37
1.457434362336777240e-221
9.161283042775909782e+226
-2.858756085181430712e-280
2.013930909834991151e+278
-2.640267096090133323e-185
-5.159006733112395383e-150
1.089535513046600447e-136
2.043679291006680678e+295
2.124658386337785754e-01
-5.786837697728000515e+195
1.607801915737447500e+09
2.809697031047268246e-207
2.823568792098079838e+31
1.724169436954524987e+74
2.142610881181432697e+125
-1.914361897499096155e-230
-2.372299805297439619e+114
-2.668138704362303667e-130
-3.107733994424499123e-266
2.788299696074083460e+122
-7.567560047882940357e+30
-5.712500853356038164e-177
-7.356644223082754526e-86
9.340588663972247103e-69
3.893711119944324219e+225
7.598032488959070849e-215
6.074195472792086995e+26
-1.296223545333158150e-33
5.370671557859121741e+73
-1.691070915433107014e+105
-2.420725232383818634e+173
-3.822235443482743205e-259
-2.825464858512494829e+05
2.186534690615957474e+46
-8.372060372562073192e-35
4.122387107620712367e+62
1.034246963797117246e-89
-8.176139124887908495e+299
1.047949930489357580e-158
2.972840347925247328e+40
2.164277275460252191e+242
5.077188215792155083e+39
-1.496984322785640416e+80
4.289742745890032683e-254
7.160890492410661786e-297
8.898989750656243089e+115
-2.711113506046782527e+147
6.841326443644920446e+275
-5.922394364536891599e-300
4.416279920362474456e-89
3.863600574994651826e-20
9.522267694115990037e+39
1.014965718211571437e-185
1.091157048059091214e-260
1.054447248269375832e+21
8.734421261764113183e-122
3.334722100642300085e-32
-2.672523598551672779e+116
1.065768389995728000e+123
-2.083185227601771771e-211
-4.955724667133288197e-72
1.273272299986712249e-258
1.151721134052414769e+308
-3.355580133122584620e+115
-2.587519058504165984e-131
-1.030203758141013753e-24
-1.169384940081637138e+99
-5.176707174411990983e+188
-1.758953172192272622e+249
-1.229609799033545688e+195
2.081246620128497188e-110
-1.674860000492895658e-205
2.736136364519392270e+76
-1.830254632809872653e+212
1.329673097162286441e-306
2.516726825299270142e-274
4.932438965686518190e+298
4.364228293496033691e+12
-7.998259802692751602e+249
-8.221046662898484375e+12
-2.314441386967049514e-154
-1.196869839622508800e+17
6.343176939199291463e-300
-1.953737942898725930e+292
1.518819909936101564e-59
5.352094484474951246e+185
-8.353800056187133300e-193
2.181817875108893878e-272
nan
5.333682006031517961e+273
-2.812428978147696389e-86
-3.185514801582003369e+158
1.263301396359336405e+122
3.940352649231183093e-244
-7.273226566577838281e-68
5.851665527182117226e+74
2.163777859783392303e-143
-5.844744565621169476e+241
1.766603663560380354e+130
-2.652702098545297917e+189
-8.152206948486343089e-169
1.450458089803377887e-120
7.527910848039088747e+298
-1.368171020979901950e+05
-2.735013613671580403e-268
7.591156562063671741e-193
1.252641997102246218e+121
-6.021454149555090295e+189
-5.522244753498150284e-213
-2.384114925444200020e-22
-4.425089223667521170e-56
5.772243535909390197e-28
-1.141810022912318426e-242
3.315665389524781935e-240
6.582217711222013939e-100
-6.125666288212094136e-295
2.905264814742794284e+63
3.419552080081266598e+190
-1.991620171251386980e-85
-3.468115080563553853e+119
-3.620242931532570297e+34
1.067757037125763364e+203
-2.381988681469124364e+98
3.192600243824608832e-204
-1.153365496520051303e+83
1.599189140318194117e+80
1.252156890882682636e-18
-3.672667281059002795e-32
1.074003453007925294e+105
1.174459126996625350e+104
1.171945686858678179e-292
-2.500549620881204062e-207
-1.114865201299545998e+67
-2.404541240847117385e-166
4.124129793433139494e+181
7.499393424370629748e-31
-2.719784870802673270e+244
3.284194443019697134e-102
-2.259623147494108601e+287
6.688128077975809433e-19
4.461031561609052045e-229
4.734814662827683608e+144
-1.247416863836666847e-71
-7.096187557512404000e+89
-5.877986777405004077e-68
6.209942427402874247e-273
9.391270995230329513e+159
1.541282402637276311e-135
-3.080381824581082367e-258
-6.444041385371097136e-257
-3.562545048489782682e+31
1.566097343680616275e+148
3.843119999471551113e-234
-8.905667564830787579e-234
-1.193889436034239399e+70
8.656434754589799148e+215
1.377528124088956686e-211
-1.566330102699423864e+126
-8.503049788083017847e-65
1.187852498853111154e+94
2.155465017911593024e+245
-1.535674771841192430e-46
-1.966829420726468243e+126
-3.574338913957830895e+90
-7.940322876953670076e-31
-3.526432170041611120e-20
4.051421651673109720e+124
-3.752605565659963704e+279
2.990535091075011488e-12
1.298835936193496265e+170
2.316293449004599128e+249
4.989543078753916227e-36
1.218923819943907302e+263
